20
0 16381 59703 7426 47511 95797 27065 53225 59679 49361 29932 59657 94436 5830 78082 26714 64540 44659 96036 59844 
16381 0 79846 9308 48569 66696 53356 45894 1967 46703 76935 66442 14690 1661 63800 76628 66844 24443 83939 83032 
59703 79846 0 57168 30254 74171 93913 26345 32972 71734 74803 25413 13816 87808 59452 39741 82069 74844 59941 76006 
7426 9308 57168 0 4658 66804 11717 74099 174 13087 56961 21320 19517 45511 77063 77000 72310 95650 83565 99408 
47511 48569 30254 4658 0 28168 15592 57592 9341 6568 13850 92179 95850 16019 25787 88896 21683 14850 42977 61400 
95797 66696 74171 66804 28168 0 51439 87480 83853 29267 37607 15850 28601 97715 23696 45948 65928 84536 14914 25606 
27065 53356 93913 11717 15592 51439 0 74028 38228 53336 67557 96099 41727 88820 48169 15570 65523 36551 36041 69721 
53225 45894 26345 74099 57592 87480 74028 0 60424 27059 86409 70340 42058 51806 18671 90061 41814 67867 87561 6210 
59679 1967 32972 174 9341 83853 38228 60424 0 40507 96338 93250 91067 68838 66462 12351 62574 27521 11124 46054 
49361 46703 71734 13087 6568 29267 53336 27059 40507 0 12886 91824 31109 57445 76148 731 39136 85088 57655 39336 
29932 76935 74803 56961 13850 37607 67557 86409 96338 12886 0 70304 98893 86815 56461 25856 51096 35218 26891 79024 
59657 66442 25413 21320 92179 15850 96099 70340 93250 91824 70304 0 27745 43860 65669 6765 19079 6652 71918 51704 
94436 14690 13816 19517 95850 28601 41727 42058 91067 31109 98893 27745 0 13155 89057 83812 91683 51211 72449 7938 
5830 1661 87808 45511 16019 97715 88820 51806 68838 57445 86815 43860 13155 0 55062 98230 72158 98589 94171 46760 
78082 63800 59452 77063 25787 23696 48169 18671 66462 76148 56461 65669 89057 55062 0 98518 77651 8933 30519 52199 
26714 76628 39741 77000 88896 45948 15570 90061 12351 731 25856 6765 83812 98230 98518 0 27640 3810 86592 64860 
64540 66844 82069 72310 21683 65928 65523 41814 62574 39136 51096 19079 91683 72158 77651 27640 0 71011 24666 19492 
44659 24443 74844 95650 14850 84536 36551 67867 27521 85088 35218 6652 51211 98589 8933 3810 71011 0 95924 47483 
96036 83939 59941 83565 42977 14914 36041 87561 11124 57655 26891 71918 72449 94171 30519 86592 24666 95924 0 92249 
59844 83032 76006 99408 61400 25606 69721 6210 46054 39336 79024 51704 7938 46760 52199 64860 19492 47483 92249 0 
