28

-6.000000e-01 -5.285714e-01 -4.571429e-01 -3.857143e-01 -3.142857e-01 -2.428571e-01 -1.714286e-01 -1.000000e-01 -2.857143e-02

4.285714e-02 1.142857e-01 1.857143e-01 2.571429e-01 3.285714e-01 4.000000e-01 4.714286e-01 5.428571e-01 6.142857e-01

6.857143e-01 7.571429e-01 8.285714e-01 9.000000e-01 9.714286e-01 1.042857e+00 1.114286e+00 1.185714e+00 1.257143e+00

1.328571e+00 

9.044203e-01 9.207759e-01 9.451726e-01 9.825917e-01 1.041642e+00 1.136722e+00 1.287697e+00 1.501123e+00 1.705614e+00

1.745350e+00 1.606670e+00 1.427048e+00 1.282980e+00 1.181384e+00 1.111096e+00 1.061636e+00 1.025873e+00 9.992701e-01

9.789504e-01 9.630575e-01 9.503638e-01 9.400370e-01 9.314987e-01 9.243379e-01 9.182564e-01 9.130336e-01 9.085038e-01

9.045404e-01