euclid_dist
(1, 33)
(2, 39)
(3, 28)
(4, 29)
(5, 32)
(6, 32)
(7, 34)
(8, 40)
(9, 40)
(10, 43)
(11, 35)
(12, 37)
(13, 32)
(14, 34)
(15, 35)
(16, 35)
(17, 37)
(18, 38)
(19, 34)
(20, 34)
(21, 29)
(22, 31)
(23, 28)
(24, 30)
(25, 30)
(26, 33)
(27, 34)
(28, 33)
(29, 35)
(30, 31)
(31, 31)
(32, 32)
(33, 32)
(34, 32)
(35, 32)
(36, 34)
(37, 33)
(38, 33)
(39, 32)
(40, 34)
(41, 35)
(42, 31)
(43, 32)
(44, 31)
(45, 32)
(46, 32)
(47, 33)
(48, 34)
(49, 33)
(50, 35)
(51, 32)
(52, 32)
(53, 33)
(54, 33)
(55, 33)
(56, 35)
(57, 35)
(58, 35)
(59, 37)
(60, 32)
(61, 35)
(62, 33)
(63, 32)
(64, 32)
(65, 32)
(66, 31)
(67, 32)
(68, 34)
(69, 36)
(70, 36)
(71, 35)
(72, 36)
(73, 38)
(74, 37)
(75, 34)
(76, 34)
(77, 35)
(78, 35)
(79, 35)
(80, 35)
(81, 35)
(82, 34)
(83, 34)
(84, 34)
(85, 37)
(86, 36)
(87, 36)
(88, 37)
(89, 36)
(90, 37)
(91, 35)
(92, 36)
(93, 37)
(94, 38)
(95, 38)
(96, 38)
(97, 42)
(98, 42)
(99, 42)
(100, 42)
(101, 42)
(102, 42)
(103, 41)
(104, 41)
(105, 41)
(106, 41)
(107, 41)
(108, 41)
(109, 41)
(110, 41)
(111, 45)
(112, 45)
(113, 74)
(114, 74)
(115, 74)
(1, 0.75, 0.46875)
(2, 0.7, 0.6)
(3, 0.36363636363636365, 0.26666666666666666)
manhattan_dist
(1, 26)
(2, 32)
(3, 21)
(4, 26)
(5, 25)
(6, 28)
(7, 26)
(8, 32)
(9, 29)
(10, 34)
(11, 31)
(12, 30)
(13, 30)
(14, 28)
(15, 28)
(16, 29)
(17, 30)
(18, 27)
(19, 24)
(20, 26)
(21, 24)
(22, 26)
(23, 24)
(24, 31)
(25, 29)
(26, 28)
(27, 31)
(28, 28)
(29, 31)
(30, 29)
(31, 30)
(32, 30)
(33, 31)
(34, 32)
(35, 31)
(36, 32)
(37, 31)
(38, 32)
(39, 33)
(40, 33)
(41, 36)
(42, 34)
(43, 32)
(44, 33)
(45, 32)
(46, 31)
(47, 32)
(48, 32)
(49, 34)
(50, 34)
(51, 33)
(52, 33)
(53, 32)
(54, 32)
(55, 32)
(56, 35)
(57, 34)
(58, 32)
(59, 32)
(60, 31)
(61, 31)
(62, 32)
(63, 28)
(64, 29)
(65, 29)
(66, 30)
(67, 32)
(68, 34)
(69, 32)
(70, 34)
(71, 35)
(72, 35)
(73, 36)
(74, 35)
(75, 36)
(76, 36)
(77, 35)
(78, 35)
(79, 35)
(80, 34)
(81, 34)
(82, 33)
(83, 33)
(84, 35)
(85, 34)
(86, 34)
(87, 36)
(88, 36)
(89, 36)
(90, 35)
(91, 35)
(92, 36)
(93, 36)
(94, 36)
(95, 36)
(96, 37)
(97, 41)
(98, 42)
(99, 42)
(100, 42)
(101, 42)
(102, 41)
(103, 41)
(104, 41)
(105, 41)
(106, 41)
(107, 41)
(108, 41)
(109, 41)
(110, 41)
(111, 46)
(112, 45)
(113, 74)
(114, 74)
(115, 74)
(1, 0.75, 0.5)
(2, 0.75, 0.6363636363636364)
(3, 0.46153846153846156, 0.35294117647058826)
